0.091
0.128
0.112
0.083
0.085
0.083
0.075
0.067
0.067
0.068
0.066
0.063
0.065
0.065
0.058
0.064
0.087
0.062
0.064
0.068
0.070
0.060
0.058
0.058
0.057
0.062
0.061
0.063
0.066
0.057
0.062
0.065
0.062
0.062
0.065
0.062
0.070
0.072
0.074
0.069
0.059
0.062
0.067
0.091
0.073
0.063
0.061
0.061
0.059
0.064
0.062
0.062
0.062
0.060
0.075
0.056
0.068
0.059
0.061
0.062
0.067
0.063
0.062
0.066
0.064
0.068
0.075
0.069
0.064
0.075
0.082
0.064
0.081
0.078
0.095
0.078
0.094
0.080
0.073
0.062
0.060
0.065
0.072
0.091
0.058
0.063
0.058
0.063
0.067
0.063
0.078
0.061
0.068
0.074
0.057
0.057
0.062
0.062
0.062
0.071
0.072
0.072
0.070
0.064
0.061
0.062
0.058
0.065
0.060
0.062
0.064
0.060
0.065
0.066
0.083
0.077
0.085
0.071
0.061
0.069
0.066
0.073
0.083
0.063
0.068
0.071
0.071
0.072
0.070
0.073
0.072
0.066
0.068
0.063
0.068
0.064
0.073
0.063
0.062
0.065
0.080
0.091
0.056
0.063
0.061
0.060
0.057
0.064
0.064
0.057
0.057
0.062
0.057
0.059
0.060
0.067
0.081
0.059
0.068
0.070
0.061
0.073
0.066
0.065
0.062
0.062
0.069
0.070
0.065
0.059
0.048
0.061
0.071
0.061
0.075
0.066
0.058
0.060
0.055
0.058
0.059
0.074
0.068
0.076
0.080
0.078
0.079
0.083
0.062
0.062
0.059
0.068
0.073
0.064
0.057
0.062
0.077
0.063
0.066
0.073
0.068
0.065
0.061
0.061
0.062
0.067
0.062
0.062
0.063
0.062
0.061
0.065
0.062
0.073
0.071
0.081
