0.088
0.101
0.099
0.080
0.084
0.081
0.084
0.080
0.086
0.078
0.064
0.067
0.064
0.064
0.065
0.055
0.085
0.058
0.057
0.060
0.059
0.055
0.056
0.056
0.058
0.063
0.058
0.058
0.056
0.058
0.055
0.058
0.057
0.059
0.058
0.072
0.060
0.058
0.060
0.064
0.069
0.064
0.066
0.068
0.065
0.072
0.065
0.070
0.074
0.071
0.064
0.068
0.063
0.075
0.064
0.062
0.062
0.068
0.075
0.065
0.085
0.059
0.059
0.064
0.065
0.061
0.068
0.059
0.065
0.058
0.059
0.056
0.061
0.070
0.069
0.064
0.066
0.065
0.065
0.072
0.067
0.064
0.070
0.059
0.075
0.068
0.072
0.070
0.087
0.068
0.071
0.072
0.072
0.065
0.064
0.060
0.064
0.064
0.064
0.073
0.058
0.064
0.064
0.065
0.064
0.069
0.067
0.059
0.057
0.063
0.058
0.057
0.064
0.058
0.059
0.064
0.066
0.058
0.059
0.055
0.059
0.070
0.065
0.075
0.055
0.059
0.060
0.066
0.062
0.072
0.066
0.067
0.074
0.074
0.076
0.065
0.071
0.065
0.083
0.071
0.065
0.071
0.075
0.063
0.059
0.059
0.065
0.059
0.058
0.059
0.056
0.059
0.063
0.074
0.070
0.061
0.064
0.067
0.058
0.055
0.058
0.060
0.058
0.058
0.056
0.064
0.060
0.055
0.059
0.075
0.057
0.060
0.060
0.059
0.059
0.061
0.061
0.061
0.068
0.067
0.067
0.066
0.067
0.066
0.065
0.067
0.065
0.055
0.059
0.060
0.060
0.060
0.059
0.084
0.065
0.066
0.065
0.060
0.058
0.059
0.059
0.066
0.065
0.060
0.069
0.079
0.060
0.065
0.060
0.067
0.065
0.066
0.075
0.063
0.060
0.066
0.061
0.065
0.068
0.066
0.070
0.059
0.059
0.066
0.060
0.060
0.076
0.058
0.066
0.083
0.069
0.059
0.066
0.066
0.065
0.085
0.061
0.065
0.063
0.069
0.078
0.093
0.074
0.056
0.056
0.056
0.086
0.074
0.060
0.059
0.061
0.068
0.057
0.055
0.505
0.124
0.081
0.079
0.076
0.076
0.073
0.077
0.055
0.072
0.082
0.078
0.064
0.065
0.072
0.060
0.057
0.062
0.062
0.088
0.063
0.067
0.061
0.066
0.061
0.054
0.060
0.064
0.062
0.064
0.073
0.064
0.062
0.062
0.064
0.069
0.068
0.063
0.066
0.063
0.069
0.049
0.068
0.067
0.063
0.067
0.064
0.107
0.062
0.063
0.064
0.059
0.067
0.076
0.066
0.067
0.079
0.059
0.068
0.068
0.065
0.064
0.066
0.065
0.077
0.079
0.069
0.081
0.072
0.071
0.079
0.079
0.067
0.061
0.061
0.076
0.062
0.062
0.066
0.065
0.061
0.063
0.066
0.064
0.067
0.081
0.079
0.076
0.077
0.061
0.062
0.067
0.094
0.073
0.075
0.062
0.063
0.061
0.064
0.080
0.061
0.060
0.061
0.063
0.064
0.065
0.073
0.073
0.072
0.077
0.093
0.082
0.079
0.074
0.067
0.084
0.099
0.073
0.068
0.065
0.082
0.067
0.076
0.069
0.070
0.065
0.066
0.065
0.066
0.068
0.067
0.065
0.065
0.085
0.076
0.075
0.066
0.065
0.164
0.106
0.079
0.077
0.073
0.074
0.074
0.079
0.073
0.069
0.069
0.075
0.069
0.071
0.565
0.104
0.097
0.093
0.085
0.086
0.092
0.082
0.086
0.087
0.072
0.085
0.068
0.068
0.079
0.079
0.080
0.093
0.094
0.066
0.064
0.065
0.070
0.069
0.072
0.055
0.058
0.070
0.063
0.063
0.061
0.062
0.091
0.069
0.073
0.070
0.070
0.079
0.086
0.060
0.067
0.068
0.067
0.057
0.062
0.061
0.062
0.064
0.067
0.063
0.073
0.061
0.060
0.068
0.056
0.058
0.066
0.058
0.059
0.056
0.068
0.073
0.065
0.064
0.061
0.061
0.064
0.063
0.060
0.061
0.062
0.081
0.058
0.080
0.064
0.076
0.074
0.083
0.061
0.058
0.069
0.084
0.061
0.063
0.062
0.063
0.059
0.063
0.062
0.068
0.069
0.064
0.062
0.062
0.062
0.062
0.060
0.074
0.060
0.063
0.060
0.067
0.062
0.066
0.063
0.058
0.061
0.062
0.056
0.062
0.060
0.062
0.057
0.063
0.060
0.067
0.062
0.062
0.061
0.063
0.058
0.072
0.082
0.070
0.068
0.066
0.068
0.074
0.107
0.098
0.064
0.078
0.067
0.064
0.065
0.061
0.061
0.060
0.057
0.082
0.066
0.060
0.080
0.064
0.085
0.062
0.063
0.063
0.067
0.066
0.072
0.065
0.062
0.090
0.062
0.055
0.056
0.070
0.073
0.060
0.066
0.068
0.089
0.060
0.083
0.064
0.059
0.062
0.061
0.069
0.070
0.076
0.072
0.058
0.075
0.101
0.060
0.065
0.066
0.072
0.087
0.087
0.077
0.067
0.055
0.057
0.065
0.056
0.057
0.065
0.061
0.063
0.063
0.060
0.079
0.060
0.058
0.063
0.079
0.078
0.080
0.068
0.061
0.063
0.059
0.062
0.063
0.079
0.062
0.059
0.060
0.056
0.066
0.060
0.086
0.044
0.049
0.051
0.042
0.040
0.039
0.043
0.042
0.056
0.070
0.069
0.057
0.062
0.056
0.069
0.076
0.061
0.083
0.056
0.080
0.080
0.070
0.066
0.069
0.075
0.065
