0.094
0.099
0.090
0.092
0.100
0.104
0.097
0.126
0.086
0.077
0.080
0.075
0.075
0.077
0.102
0.071
0.112
0.108
0.107
0.110
0.097
0.098
0.098
0.095
0.099
0.098
0.100
0.087
0.063
0.082
0.063
0.062
0.067
0.065
0.073
0.060
0.063
0.061
0.063
0.062
0.061
0.087
0.059
0.069
0.062
0.063
0.063
0.061
0.067
0.060
0.064
0.069
0.075
0.074
0.079
0.067
0.063
0.061
0.069
0.064
0.070
0.078
0.078
0.072
0.080
0.078
0.073
0.075
0.079
0.068
0.070
0.073
0.066
0.071
0.078
0.078
0.075
0.074
0.077
0.076
0.089
0.103
0.068
0.063
0.062
0.061
0.059
0.064
0.064
0.058
0.062
0.064
0.062
0.064
0.061
0.062
0.062
0.071
0.061
0.061
0.062
0.062
0.061
0.064
0.060
0.062
0.061
0.064
0.065
0.073
0.066
0.066
0.072
0.066
0.073
0.066
0.063
0.068
0.071
0.068
0.069
0.066
0.064
0.074
0.066
0.077
0.068
0.068
0.070
0.067
0.074
0.064
0.070
0.068
0.071
0.078
0.065
0.071
0.068
0.071
0.067
0.068
0.072
0.067
0.085
0.065
0.065
0.068
0.070
0.068
0.069
0.069
0.073
0.066
0.076
0.067
0.071
0.068
0.069
0.084
0.082
0.075
0.080
0.075
0.072
0.089
0.086
0.058
0.068
0.070
0.102
0.076
0.075
0.082
0.092
0.079
0.078
0.082
0.071
0.093
0.062
0.075
0.097
0.071
0.063
0.069
0.068
0.071
0.069
0.066
0.057
0.059
0.062
0.059
0.061
0.067
0.071
0.065
0.056
0.059
0.062
0.069
0.060
0.108
0.106
0.114
0.099
0.098
0.080
0.077
0.069
0.079
0.084
0.084
0.074
0.065
0.073
0.069
0.072
0.060
0.078
0.059
0.066
0.076
0.079
0.083
0.062
0.070
0.062
0.067
0.079
0.079
0.091
0.063
0.069
0.073
0.100
0.062
0.083
0.077
0.065
0.084
0.085
0.088
0.078
0.071
0.076
0.082
0.078
0.070
0.067
0.082
0.078
0.069
0.082
0.073
0.086
0.084
0.077
0.072
0.080
0.076
0.070
