0.079
0.072
0.087
0.091
0.079
0.087
0.076
0.076
0.078
0.094
0.079
0.074
0.076
0.081
0.073
0.088
0.070
0.071
0.068
0.081
0.071
0.066
0.066
0.063
0.060
0.061
0.070
0.068
0.078
0.068
0.067
0.071
0.060
0.071
0.074
0.073
0.081
0.083
0.066
0.070
0.065
0.071
0.074
0.099
0.072
0.069
0.077
0.063
0.073
0.064
0.069
0.066
0.077
0.073
0.102
0.067
0.078
0.098
0.080
0.076
0.071
0.074
0.069
0.067
0.070
0.063
0.073
0.080
0.070
0.079
0.077
0.064
0.075
0.077
0.074
0.094
0.088
0.083
0.086
0.077
0.080
0.085
0.086
0.079
0.077
0.078
0.078
0.086
0.075
0.073
0.087
0.086
0.083
0.092
0.061
0.072
0.058
0.063
0.089
0.060
0.073
0.067
0.062
0.063
0.058
0.063
0.061
0.074
0.058
0.059
0.080
0.063
0.061
0.067
0.071
0.068
0.067
0.093
0.068
0.085
0.078
0.071
0.076
0.064
0.064
0.069
0.069
0.078
0.084
0.075
0.081
0.073
0.075
0.072
0.087
0.061
0.070
0.061
0.064
0.080
0.088
0.086
0.073
0.078
0.076
0.068
0.069
0.063
0.058
0.080
0.066
0.075
0.078
0.061
0.065
0.062
0.071
0.070
0.064
0.073
0.060
0.060
0.063
0.062
0.063
0.065
0.065
0.062
0.065
0.060
0.062
0.064
0.057
0.071
0.065
0.062
0.061
0.063
0.061
0.065
0.081
0.068
0.065
0.079
0.064
0.064
0.068
0.068
0.063
0.069
0.067
0.071
0.069
0.072
0.064
0.072
0.092
0.062
0.065
0.073
0.067
0.067
0.062
0.062
0.062
0.062
0.062
0.065
0.084
0.071
0.083
0.068
0.073
0.074
0.085
0.077
0.076
0.088
0.070
0.075
0.074
0.078
0.063
0.066
0.074
0.068
0.074
0.070
0.078
0.056
0.088
0.071
0.073
0.088
0.059
0.069
0.072
0.078
0.072
0.081
0.067
0.079
0.067
0.072
0.079
0.077
0.064
0.067
0.058
0.062
0.062
0.060
0.059
0.059
0.061
0.054
0.059
0.062
0.064
0.062
0.061
0.067
0.059
0.062
0.062
0.084
0.061
0.058
0.064
0.067
0.076
0.098
0.066
0.065
0.065
0.060
0.085
0.068
0.070
0.068
0.070
0.061
0.072
0.061
0.086
0.071
0.072
0.074
0.065
