0.070
0.069
0.092
0.062
0.080
0.065
0.068
0.077
0.083
0.099
0.073
0.068
0.066
0.064
0.067
0.063
0.061
0.065
0.063
0.069
0.065
0.058
0.076
0.062
0.062
0.076
0.067
0.066
0.065
0.063
0.063
0.064
0.070
0.067
0.080
0.069
0.061
0.062
0.076
0.071
0.100
0.070
0.069
0.065
0.071
0.076
0.078
0.069
0.076
0.077
0.068
0.069
0.087
0.065
0.066
0.068
0.060
0.069
0.066
0.068
0.081
0.061
0.064
0.077
0.068
0.069
0.064
0.077
0.073
0.086
0.088
0.068
0.069
0.076
0.079
0.081
0.071
0.090
0.071
0.067
0.104
0.072
0.063
0.077
0.082
0.090
0.106
0.080
0.093
0.080
0.067
0.076
0.075
0.062
0.073
0.076
0.089
0.077
0.066
0.058
0.073
0.082
0.070
0.085
0.081
0.068
0.062
0.091
0.065
0.076
0.075
0.068
0.068
0.085
0.067
0.070
0.065
0.060
0.070
0.086
0.069
0.078
0.074
0.062
0.063
0.066
0.082
0.061
0.062
0.062
0.069
0.075
0.073
0.061
0.063
0.069
0.074
0.070
0.105
0.088
0.084
0.085
0.082
0.082
0.078
0.080
0.083
0.099
0.081
0.081
0.086
0.103
0.076
0.089
0.075
0.076
0.072
0.069
0.069
0.068
0.067
0.063
0.069
0.067
0.064
0.077
0.068
0.090
0.109
0.094
0.082
0.067
0.074
0.075
0.067
0.079
0.077
0.070
0.083
0.102
0.070
0.067
0.073
0.074
0.072
0.092
0.076
0.060
0.065
0.066
0.075
0.110
0.111
0.070
0.070
0.073
0.077
0.067
0.082
0.085
0.108
0.082
0.128
0.093
0.074
0.067
0.069
0.086
0.089
0.075
0.063
0.073
0.082
0.102
0.095
0.087
0.093
0.082
0.085
0.082
0.079
0.075
0.083
0.087
0.081
0.100
0.101
0.095
0.085
0.094
0.113
0.089
0.103
0.080
0.075
0.113
0.076
0.094
0.087
