0.091
0.090
0.079
0.076
0.075
0.077
0.075
0.127
0.079
0.073
0.067
0.095
0.070
0.079
0.067
0.067
0.066
0.062
0.061
0.062
0.068
0.066
0.063
0.075
0.061
0.060
0.101
0.095
0.060
0.059
0.066
0.061
0.068
0.068
0.095
0.062
0.065
0.111
0.060
0.099
0.130
0.061
0.098
0.090
0.122
0.121
0.087
0.135
0.068
0.067
0.080
0.070
0.093
0.078
0.070
0.073
0.067
0.069
0.118
0.091
0.089
0.095
0.060
0.081
0.074
0.102
0.065
0.101
0.088
0.066
0.067
0.069
0.070
0.070
0.061
0.076
0.105
0.072
0.072
0.066
0.103
0.098
0.074
0.107
0.088
0.084
0.067
0.086
0.071
0.061
0.104
0.096
0.137
0.098
0.066
0.070
0.074
0.116
0.096
0.062
0.062
0.061
0.076
0.074
0.107
0.096
0.066
0.066
0.073
0.057
0.065
0.069
0.068
0.071
0.073
0.069
0.069
0.060
0.068
0.083
0.065
0.066
0.062
0.066
0.063
0.102
0.096
0.097
0.097
0.107
0.096
0.093
0.096
0.101
0.099
0.100
0.098
0.101
0.100
0.170
0.135
0.120
0.154
0.127
0.092
0.092
0.094
0.081
0.078
0.084
0.078
0.088
0.089
0.101
0.083
0.079
0.088
0.105
0.081
0.064
0.086
0.079
0.078
0.121
0.097
0.106
0.101
0.122
0.098
0.063
0.066
0.076
0.078
0.090
0.080
0.058
0.071
0.063
0.067
0.082
0.063
0.070
0.071
0.075
0.083
0.073
0.095
0.068
0.075
0.070
0.069
0.083
0.076
0.105
0.073
0.120
0.099
0.088
0.088
0.081
0.086
0.068
0.083
0.082
0.106
0.150
0.160
0.161
0.178
0.171
0.162
0.075
0.085
0.082
0.071
0.087
0.082
0.080
0.072
0.076
0.071
0.085
0.070
0.080
0.076
0.074
0.076
0.125
0.121
0.113
0.110
0.098
0.077
0.062
0.080
0.076
0.081
0.064
0.073
0.115
0.128
0.127
0.123
0.071
0.105
0.112
0.121
0.112
0.139
0.106
0.125
0.125
0.128
0.125
0.101
0.103
0.107
0.119
0.134
0.149
0.112
0.105
0.122
0.129
0.114
0.118
0.113
0.127
0.123
0.124
0.169
0.125
0.156
0.129
0.120
0.126
0.125
0.126
0.125
0.124
0.109
0.133
0.147
0.138
0.111
0.153
0.114
0.139
0.086
0.047
0.063
0.047
0.066
0.069
0.069
0.078
0.081
0.064
0.070
0.068
0.064
0.069
0.077
0.064
0.081
0.064
0.063
0.067
0.066
0.063
0.072
