0.109
0.098
0.096
0.099
0.098
0.113
0.110
0.132
0.109
0.091
0.093
0.100
0.093
0.089
0.091
0.084
0.082
0.082
0.079
0.081
0.084
0.091
0.073
0.075
0.069
0.083
0.079
0.082
0.081
0.084
0.078
0.077
0.079
0.080
0.076
0.084
0.077
0.135
0.106
0.111
0.109
0.108
0.104
0.099
0.099
0.105
0.113
0.102
0.098
0.095
0.108
0.097
0.102
0.101
0.102
0.102
0.105
0.110
0.111
0.102
0.120
0.129
0.142
0.126
0.088
0.087
0.085
0.086
0.091
0.097
0.134
0.131
0.127
0.120
0.125
0.109
0.080
0.120
0.114
0.114
0.113
0.122
0.111
0.116
0.122
0.122
0.108
0.110
0.104
0.108
0.106
0.106
0.120
0.108
0.107
0.102
0.103
0.112
0.096
0.082
0.095
0.086
0.155
0.170
0.114
0.121
0.113
0.161
0.247
0.206
0.210
0.206
0.143
0.159
0.142
0.138
0.142
0.143
0.146
0.140
0.151
0.135
0.152
0.151
0.141
0.150
0.189
0.126
0.120
0.154
0.154
0.140
0.129
0.181
0.181
0.168
0.169
0.163
0.198
0.181
0.202
0.173
0.174
0.163
0.128
0.140
0.127
0.139
0.140
0.116
0.099
0.112
0.104
0.100
0.112
0.117
0.098
0.097
0.109
0.095
0.082
0.091
0.107
0.089
0.098
0.092
0.096
0.119
0.122
0.130
0.114
0.128
0.107
0.128
0.123
0.092
0.114
0.083
0.065
0.043
0.047
0.051
0.090
0.100
0.099
0.099
0.100
0.088
0.082
0.079
0.088
0.097
0.094
0.090
0.079
0.078
0.097
0.093
0.091
0.081
0.083
