0.116
0.104
0.092
0.097
0.100
0.094
0.096
0.094
0.078
0.081
0.096
0.089
0.080
0.106
0.087
0.078
0.077
0.091
0.076
0.083
0.083
0.077
0.083
0.078
0.084
0.090
0.074
0.082
0.080
0.077
0.089
0.082
0.087
0.091
0.091
0.077
0.080
0.076
0.074
0.078
0.084
0.080
0.082
0.081
0.095
0.081
0.088
0.086
0.089
0.082
0.082
0.089
0.114
0.097
0.097
0.094
0.085
0.090
0.101
0.085
0.097
0.089
0.098
0.099
0.096
0.100
0.090
0.091
0.091
0.084
0.093
0.081
0.098
0.079
0.094
0.086
0.089
0.079
0.086
0.095
0.080
0.091
0.091
0.079
0.081
0.089
0.080
0.081
0.101
0.076
0.090
0.078
0.089
0.078
0.084
0.085
0.104
0.119
0.078
0.088
0.087
0.088
0.100
0.093
0.085
0.091
0.099
0.089
0.092
0.094
0.098
0.090
0.103
0.111
0.107
0.097
0.111
0.088
0.106
0.091
0.098
0.089
0.089
0.102
0.091
0.097
0.095
0.090
0.126
0.098
0.106
0.118
0.103
0.113
0.091
0.093
0.099
0.099
0.112
0.094
0.104
0.109
0.100
0.089
0.114
0.100
0.090
0.107
0.096
0.099
0.099
0.096
0.091
0.098
0.083
0.092
0.100
0.091
0.089
0.099
0.091
0.084
0.112
0.096
0.089
0.095
0.097
0.091
0.089
0.086
0.077
0.097
0.100
0.116
0.096
0.087
0.103
0.085
0.079
0.085
0.091
0.085
0.095
0.084
0.103
0.086
0.095
0.086
0.086
0.087
0.088
0.074
0.090
0.084
0.082
0.082
0.070
0.099
0.089
0.084
0.095
0.098
0.084
0.080
0.095
0.069
0.092
0.076
0.069
0.069
0.093
0.058
0.051
0.052
0.058
0.046
0.059
0.042
0.095
0.095
0.092
0.091
0.095
0.082
0.080
0.082
0.091
0.090
0.091
0.080
0.079
0.083
0.088
0.084
0.103
0.078
0.088
0.079
0.077
0.081
0.087
0.105
