0.093
0.093
0.100
0.093
0.088
0.111
0.084
0.084
0.074
0.078
0.070
0.066
0.067
0.067
0.067
0.066
0.071
0.072
0.073
0.068
0.071
0.068
0.071
0.077
0.077
0.073
0.077
0.074
0.073
0.073
0.070
0.073
0.074
0.074
0.067
0.070
0.068
0.073
0.086
0.078
0.081
0.124
0.132
0.058
0.063
0.059
0.056
0.055
0.056
0.049
0.047
0.041
0.049
0.043
0.041
0.044
0.049
0.050
0.056
0.066
0.071
0.061
0.059
0.054
0.052
0.059
0.058
0.059
0.055
0.048
0.044
0.046
0.047
0.041
0.041
0.040
0.042
0.041
0.040
0.040
0.045
0.051
0.038
0.038
0.038
0.038
0.038
0.038
0.038
0.040
0.042
0.039
0.040
0.042
0.046
0.071
0.055
0.070
0.059
0.054
0.062
0.057
0.066
0.062
0.053
0.057
0.046
0.048
0.057
0.056
0.058
0.059
0.067
0.069
0.065
0.057
0.054
0.054
0.057
0.053
0.060
0.047
0.048
0.049
0.048
0.048
0.049
0.048
0.046
0.054
0.087
0.089
0.074
0.061
0.061
0.061
0.051
0.050
0.060
0.120
0.109
0.101
0.111
0.123
0.096
0.098
0.077
0.092
0.098
0.096
0.099
0.089
0.118
0.106
0.113
0.095
0.094
0.099
0.113
0.108
0.093
0.098
0.100
0.101
0.081
0.093
0.077
0.080
0.084
0.081
0.094
0.085
0.080
0.063
0.080
0.080
0.075
0.081
0.073
0.107
0.103
0.116
0.126
0.106
0.081
0.105
0.101
0.095
0.100
0.136
0.158
0.153
0.139
0.172
0.167
0.151
0.152
0.153
0.160
0.184
0.191
0.213
0.211
0.185
0.181
0.150
0.160
0.156
0.139
0.116
0.127
0.119
0.093
0.121
0.125
0.097
0.097
0.080
0.108
0.112
0.129
0.096
0.117
0.127
0.123
0.118
0.118
0.155
0.173
0.170
0.192
0.194
0.201
0.176
0.158
0.226
0.257
0.177
0.184
0.193
0.216
0.209
0.205
0.187
0.223
0.195
0.199
0.258
0.291
0.229
0.165
0.154
0.165
0.159
0.127
0.103
0.101
0.092
0.107
0.129
0.128
0.141
0.132
0.110
0.096
0.115
0.111
0.182
0.188
0.164
0.138
0.141
0.180
0.245
0.234
0.473
0.103
0.096
0.093
0.093
0.087
0.092
0.090
0.086
0.090
0.092
0.078
0.074
0.070
0.078
0.070
0.079
0.071
0.071
0.072
0.099
0.102
0.098
0.082
0.082
0.102
0.095
0.078
0.096
0.083
0.072
0.078
0.072
0.079
0.132
0.141
0.095
0.104
0.087
0.076
0.080
0.082
0.086
0.080
0.100
0.091
0.087
0.090
0.072
0.086
0.089
0.117
0.096
0.090
0.079
0.094
0.122
0.124
0.070
0.100
0.089
0.082
0.095
0.086
0.077
0.120
0.126
0.144
0.156
0.128
0.119
0.127
0.097
0.139
0.136
0.136
0.137
0.150
0.154
0.141
0.190
0.182
0.231
0.215
0.176
0.169
0.234
0.214
0.214
0.153
0.167
0.154
0.121
0.114
0.120
0.117
0.133
0.139
0.126
0.117
0.125
0.119
0.126
0.134
0.173
0.144
0.187
0.178
0.195
0.161
0.210
0.199
0.149
0.179
0.164
0.165
0.164
0.185
0.178
0.203
0.212
0.204
0.234
0.266
0.246
0.275
0.204
0.199
0.199
0.192
0.204
0.165
0.229
0.255
0.173
0.190
0.160
0.129
0.174
0.167
0.180
0.170
0.156
0.150
0.215
0.233
0.167
0.252
0.259
0.258
0.233
0.200
0.205
0.195
0.195
0.237
0.228
0.256
0.198
0.229
0.274
0.273
0.247
0.152
0.185
0.250
0.302
0.261
0.247
0.285
0.276
0.245
0.210
0.230
0.232
0.286
0.324
0.297
0.317
0.297
0.263
0.286
0.312
0.252
0.241
0.220
0.221
0.248
0.221
0.281
0.330
0.276
0.236
0.159
0.479
0.113
0.105
0.104
0.107
0.110
0.099
0.097
0.080
0.087
0.077
0.080
0.090
0.089
0.077
0.075
0.072
0.094
0.076
0.104
0.075
0.096
0.084
0.077
0.086
0.078
0.075
0.078
0.075
0.069
0.084
0.076
0.074
0.077
0.076
0.073
0.074
0.076
0.082
0.090
0.095
0.074
0.086
0.081
0.072
0.076
0.067
0.095
0.084
0.101
0.088
0.082
0.091
0.113
0.112
0.110
0.116
0.096
0.091
0.093
0.096
0.092
0.096
0.089
0.093
0.109
0.109
0.113
0.111
0.111
0.104
0.105
0.090
0.090
0.102
0.088
0.085
0.084
0.086
0.110
0.087
0.082
0.095
0.089
0.075
0.075
0.063
0.088
0.086
0.075
0.096
0.086
0.097
0.082
0.076
0.085
0.082
0.071
0.084
0.088
0.105
0.089
0.087
0.094
0.098
0.112
0.107
0.114
0.112
0.095
0.104
0.112
0.124
0.122
0.104
0.104
0.145
0.104
0.110
0.113
0.106
0.095
0.101
0.124
0.131
0.141
0.150
0.161
0.147
0.129
0.131
0.147
0.143
0.137
0.161
0.132
0.132
0.117
0.110
0.113
0.110
0.095
0.111
0.103
0.097
0.086
0.096
0.109
0.100
0.108
0.093
0.105
0.091
0.092
0.112
0.097
0.101
0.109
0.166
0.096
0.108
0.105
0.119
0.083
0.089
0.100
0.097
0.105
0.113
0.105
0.105
0.120
0.127
0.120
0.150
0.140
0.137
0.130
0.118
0.138
0.136
0.130
0.122
0.113
0.117
0.138
0.126
0.124
0.127
0.108
0.104
0.119
0.092
0.108
0.128
0.132
0.125
0.117
0.123
0.127
0.109
0.115
0.105
0.122
0.106
0.109
0.126
0.145
0.129
0.127
0.144
0.151
