0.091
0.100
0.097
0.102
0.145
0.130
0.116
0.111
0.092
0.111
0.093
0.096
0.090
0.097
0.084
0.082
0.083
0.087
0.091
0.087
0.092
0.086
0.094
0.074
0.084
0.090
0.088
0.100
0.081
0.087
0.082
0.095
0.074
0.080
0.069
0.073
0.079
0.093
0.087
0.078
0.080
0.080
0.092
0.087
0.141
0.129
0.120
0.073
0.079
0.072
0.069
0.088
0.132
0.158
0.180
0.180
0.173
0.125
0.155
0.137
0.135
0.121
0.180
0.181
0.195
0.212
0.210
0.211
0.149
0.169
0.152
0.162
0.160
0.129
0.141
0.127
0.136
0.123
0.102
0.135
0.141
0.153
0.149
0.145
0.137
0.144
0.132
0.134
0.221
0.198
0.208
0.215
0.180
0.155
0.199
0.200
0.153
0.175
0.188
0.249
0.221
0.218
0.225
0.258
0.245
0.239
0.268
0.264
0.220
0.167
0.235
0.197
0.133
0.091
0.114
0.148
0.133
0.134
0.141
0.119
0.123
0.146
0.137
0.187
0.185
0.193
0.168
0.167
0.182
0.226
0.229
0.227
0.273
0.224
0.277
0.279
0.324
0.246
0.220
0.242
0.261
0.202
0.213
0.230
0.275
0.273
0.207
0.209
0.223
0.230
0.245
0.228
0.230
0.223
0.244
0.249
0.304
0.224
0.212
0.218
0.222
0.192
0.193
0.202
0.227
0.227
0.254
0.328
0.342
0.218
0.213
0.193
0.232
0.221
0.241
0.282
0.164
0.175
0.181
0.175
0.206
0.216
0.185
0.053
0.048
0.139
0.143
0.169
0.144
0.153
