Traj: (1662, 1023), (1618, 995), (1575, 967), (1532, 939), (1488, 911), (1445, 884), (1402, 856), (1358, 828), (1315, 800), (1272, 773), (1228, 745), (1185, 717), (1142, 689), (1098, 662), (1055, 634), (1012, 606), (968, 578), (925, 550), (882, 523), (838, 495), (795, 467), (752, 439), (708, 412), (665, 384), (622, 356), (578, 328), (535, 301), (492, 273), (448, 245), (405, 217), (362, 190)
Traj: (1645, 1004), (1602, 976), (1559, 949), (1517, 922), (1474, 895), (1432, 868), (1389, 841), (1346, 814), (1304, 786), (1261, 759), (1219, 732), (1176, 705), (1133, 678), (1091, 651), (1048, 624), (1006, 597), (963, 569), (920, 542), (878, 515), (835, 488), (793, 461), (750, 434), (707, 407), (665, 379), (622, 352), (580, 325), (537, 298), (494, 271), (452, 244), (409, 217), (367, 190)
Traj: (1633, 1015), (1590, 987), (1548, 960), (1506, 932), (1464, 905), (1422, 877), (1380, 850), (1338, 822), (1296, 795), (1254, 768), (1212, 740), (1169, 713), (1127, 685), (1085, 658), (1043, 630), (1001, 603), (959, 576), (917, 548), (875, 521), (833, 493), (791, 466), (748, 438), (706, 411), (664, 384), (622, 356), (580, 329), (538, 301), (496, 274), (454, 246), (412, 219), (370, 192)
Traj: (1605, 986), (1593, 974), (1568, 954), (1550, 938), (1533, 924), (1519, 912), (1508, 902), (1498, 893), (1489, 885), (1478, 877), (1467, 868), (1455, 858), (1443, 850), (1429, 840), (1413, 827), (1397, 814), (1380, 801), (1360, 785), (1344, 773), (1324, 757), (1311, 749), (1299, 741), (1287, 735), (1276, 729), (1265, 723), (1255, 718), (1246, 712), (1234, 706), (1217, 695), (1211, 693), (1196, 685), (1180, 677), (1167, 671), (1152, 663), (1143, 659), (1136, 653), (1128, 648), (1118, 642), (1109, 636), (1099, 630), (1089, 624), (1080, 619), (1069, 613), (1054, 605), (1041, 597), (1026, 589), (1012, 582), (997, 575), (984, 568), (974, 562), (964, 556), (955, 551), (948, 545), (940, 540), (934, 535), (932, 533), (928, 531), (924, 527), (915, 520), (908, 515), (900, 510), (892, 505), (882, 499), (872, 493), (861, 487), (852, 481), (843, 475), (834, 468), (824, 461), (810, 452), (803, 447), (797, 441), (793, 436), (786, 431), (779, 425), (773, 419), (767, 415), (761, 410), (754, 405), (744, 397), (732, 389), (720, 381), (714, 377), (700, 369), (688, 362), (676, 355), (666, 347), (657, 340), (649, 335), (642, 330), (635, 324), (629, 320), (623, 316), (610, 307), (601, 300), (591, 294), (582, 288), (572, 283), (562, 277), (549, 271), (537, 265), (525, 259), (513, 253), (504, 247), (496, 243), (486, 238), (483, 236), (481, 235), (480, 235)
Traj: (1592, 988), (1581, 981), (1568, 973), (1558, 965), (1547, 958), (1537, 950), (1525, 942), (1515, 934), (1501, 923), (1492, 918), (1486, 913), (1480, 909), (1473, 905), (1461, 897), (1452, 889), (1442, 881), (1430, 872), (1420, 864), (1412, 857), (1401, 849), (1396, 845), (1388, 838), (1379, 831), (1373, 825), (1367, 819), (1363, 814), (1355, 806), (1348, 799), (1335, 786), (1330, 782), (1315, 770), (1304, 761), (1292, 753), (1280, 745), (1271, 738), (1260, 730), (1250, 722), (1241, 714), (1233, 709), (1226, 705), (1220, 701), (1215, 697), (1212, 695), (1206, 690), (1197, 685), (1190, 679), (1181, 675), (1171, 668), (1160, 661), (1149, 654), (1137, 647), (1121, 638), (1110, 632), (1098, 625), (1088, 619), (1076, 612), (1064, 605), (1052, 597), (1040, 590), (1026, 582), (1010, 570), (1000, 563), (991, 556), (981, 549), (972, 543), (961, 536), (951, 528), (942, 522), (934, 515), (925, 510), (915, 502), (910, 498), (900, 491), (888, 483), (874, 475), (860, 467), (846, 460), (830, 451), (817, 444), (805, 437), (786, 426), (774, 420), (762, 413), (753, 408), (745, 402), (737, 397), (727, 391), (720, 386), (714, 381), (703, 373), (696, 368), (688, 362), (680, 356), (673, 351), (666, 345), (659, 339), (650, 333), (642, 327), (632, 320), (622, 312), (604, 300), (590, 291), (577, 282), (565, 274), (553, 267), (542, 260), (531, 253), (522, 247), (514, 242), (507, 236), (500, 230), (497, 228), (493, 225), (490, 223), (483, 217), (475, 212), (469, 209), (465, 206), (459, 204), (456, 201), (452, 199), (448, 197), (443, 195), (440, 194), (438, 194), (437, 194)
Traj: (1608, 978), (1602, 974), (1600, 973), (1589, 968), (1579, 963), (1565, 956), (1548, 948), (1531, 939), (1516, 932), (1503, 927), (1491, 922), (1487, 920)
Traj: (1554, 947), (1549, 944), (1537, 938), (1525, 930), (1512, 922), (1498, 911), (1486, 902), (1471, 892), (1458, 883), (1447, 875), (1442, 871)
Traj: (1498, 909), (1494, 906), (1475, 891), (1458, 879), (1440, 866), (1423, 854), (1407, 843), (1394, 833), (1379, 823), (1364, 812), (1352, 802), (1346, 798)
Traj: (1404, 845), (1398, 840), (1381, 828), (1362, 816), (1338, 802), (1312, 788), (1280, 769), (1270, 762), (1262, 757), (1258, 755), (1257, 755)
Traj: (1316, 795), (1316, 793), (1313, 789), (1303, 780), (1279, 761), (1261, 746), (1242, 732), (1223, 718), (1209, 706), (1195, 695), (1184, 686), (1177, 681), (1174, 678)
Traj: (1233, 741), (1220, 729), (1203, 718), (1184, 703), (1163, 686), (1143, 671), (1124, 658), (1107, 646), (1092, 634), (1081, 626), (1078, 624)
Traj: (1146, 677), (1142, 673), (1130, 665), (1118, 655), (1099, 643), (1081, 630), (1059, 617), (1037, 602), (1019, 591), (1003, 582), (990, 574)
Traj: (1060, 635), (1056, 630), (1047, 623), (1034, 613), (1018, 601), (1000, 588), (984, 576), (957, 553), (935, 535), (918, 523), (903, 513), (897, 509)
Traj: (991, 583), (986, 577), (977, 569), (957, 552), (939, 538), (919, 523), (899, 507), (882, 494), (865, 482), (851, 474), (845, 470)
Traj: (919, 541), (913, 537), (904, 532), (893, 523), (878, 511), (862, 499), (843, 486), (823, 473), (805, 459), (787, 445)
Traj: (859, 501), (857, 499), (849, 492), (840, 485), (827, 476), (812, 465), (797, 453), (772, 434), (756, 421), (740, 409), (727, 400), (723, 396)
Traj: (763, 444), (760, 440), (753, 433), (744, 425), (731, 416), (714, 402), (689, 383), (672, 370), (655, 358), (645, 351), (642, 349)
Traj: (675, 390), (674, 388), (669, 383), (661, 376), (647, 364), (630, 350), (610, 333), (590, 318), (577, 307), (569, 301), (564, 297), (563, 295)
Traj: (599, 335), (595, 331), (586, 324), (571, 314), (555, 301), (540, 289), (525, 279), (509, 267), (501, 261), (497, 258)
Traj: (571, 319), (565, 315), (553, 308), (541, 300), (526, 291), (509, 281), (489, 270), (475, 262), (465, 256), (457, 252)
Traj: (512, 294), (502, 283), (488, 272), (471, 256), (452, 242), (436, 230), (423, 219), (414, 212), (410, 209), (408, 207), (407, 207)
Traj: (432, 240), (429, 238), (420, 230), (407, 220), (385, 203), (363, 187), (344, 173), (333, 164), (329, 160), (327, 159)
Traj: (36, 862), (41, 860), (46, 859), (54, 858), (69, 857), (88, 856), (107, 856), (127, 855), (139, 855), (144, 855), (146, 855)
Traj: (146, 856), (147, 856), (148, 856), (149, 856), (151, 856), (153, 855), (168, 853), (187, 851), (213, 848), (239, 846)
Traj: (281, 843), (282, 843), (283, 843), (284, 843), (286, 843), (290, 843), (295, 843), (304, 842), (319, 840)
Traj: (393, 833), (394, 833), (396, 833), (398, 833), (400, 833), (404, 833), (413, 835), (424, 837), (439, 838), (448, 838)
Traj: (504, 838), (505, 838), (506, 838), (508, 838), (511, 838), (514, 839), (521, 841), (530, 842), (545, 842), (561, 842)
Traj: (617, 845), (618, 846), (621, 847), (624, 847), (628, 849), (631, 850), (636, 852), (644, 854), (656, 856), (673, 858)
Traj: (748, 864), (753, 865), (758, 868), (763, 871), (771, 875), (778, 880), (786, 886), (798, 891), (803, 893)
Traj: (871, 918), (881, 926), (894, 936), (903, 944), (913, 951), (921, 958), (928, 963), (934, 968), (938, 971)
Traj: (968, 985), (977, 992), (986, 998), (995, 1007), (1006, 1018), (1015, 1028), (1023, 1037), (1031, 1047), (1037, 1055), (1042, 1062), (1043, 1064)
Traj: (69, 858), (71, 858), (72, 857), (75, 857), (80, 856), (92, 856), (111, 856), (137, 854), (180, 850), (210, 847), (235, 845), (255, 843), (273, 841), (289, 840), (301, 840), (312, 839), (326, 839), (339, 838), (353, 838), (381, 837), (401, 837), (422, 837), (446, 837), (467, 837), (491, 837), (516, 837), (540, 837), (564, 838), (592, 842), (618, 845), (642, 849), (665, 854), (695, 862), (715, 868), (736, 874), (754, 880), (769, 885), (785, 891), (802, 897), (817, 904), (833, 912), (857, 921), (871, 928), (887, 936), (900, 944), (913, 951), (927, 958), (940, 965), (948, 970), (955, 974), (961, 978), (967, 983), (974, 988), (981, 995), (990, 1004), (1000, 1014), (1011, 1028), (1019, 1039), (1023, 1047), (1025, 1052), (1025, 1055), (1025, 1057), (1024, 1059)
Traj: (70, 856), (73, 854), (79, 852), (88, 848), (101, 844), (127, 838), (145, 835), (160, 834), (171, 834), (174, 834)
Traj: (178, 833), (180, 833), (182, 833), (183, 833), (191, 834), (203, 835), (223, 836), (235, 836)
Traj: (349, 836), (352, 836), (353, 836), (354, 836), (358, 836), (363, 836), (371, 836), (383, 836), (399, 835), (418, 834), (428, 833)
Traj: (467, 830), (468, 830), (470, 830), (473, 830), (478, 830), (484, 831), (496, 833), (511, 834), (529, 834), (552, 834), (563, 834)
Traj: (605, 833), (606, 833), (607, 833), (610, 833), (612, 833), (617, 834), (623, 835), (632, 839), (658, 845), (678, 847), (698, 849), (716, 852), (727, 853), (733, 855), (735, 856), (736, 857), (738, 859), (740, 860), (742, 861), (743, 862)
Traj: (759, 871), (762, 871), (764, 874), (769, 877), (773, 880), (782, 887), (791, 894), (805, 903), (823, 910), (832, 913)
Traj: (915, 936), (917, 937), (921, 940), (928, 945), (934, 951), (941, 957), (947, 964), (955, 971), (966, 981), (978, 989)
Traj: (1023, 1019), (1025, 1021), (1031, 1027), (1040, 1038), (1059, 1058), (1071, 1069), (1081, 1078), (1087, 1079), (1089, 1079)
Traj: (92, 829), (95, 828), (97, 827), (101, 827), (104, 827), (112, 827), (142, 825), (169, 823)
Traj: (272, 818), (279, 818), (283, 819), (289, 819), (297, 820), (311, 820), (328, 820), (349, 820)
Traj: (396, 818), (397, 818), (399, 818), (400, 818), (402, 818), (404, 818), (406, 818), (413, 818), (425, 818), (444, 818)
Traj: (539, 812), (541, 812), (542, 812), (544, 812), (547, 812), (553, 812), (561, 814), (578, 816), (587, 817), (611, 817), (636, 817)
Traj: (701, 819), (704, 820), (708, 820), (712, 822), (717, 823), (728, 826), (739, 829), (752, 831), (774, 833), (798, 835), (820, 835)
Traj: (896, 839), (907, 843), (922, 849), (936, 855), (953, 863), (970, 873), (986, 883), (1003, 894), (1017, 904), (1027, 913), (1032, 916)
Traj: (1063, 949), (1070, 956), (1077, 963), (1083, 970), (1089, 977), (1093, 982), (1096, 986), (1099, 988), (1101, 993), (1105, 999), (1108, 1002), (1109, 1005)
Traj: (144, 845), (145, 844), (148, 843), (152, 843), (162, 843), (179, 843), (208, 840), (242, 838), (296, 835), (339, 835), (374, 837), (403, 841), (427, 846), (446, 850), (462, 852), (476, 853), (496, 853), (501, 853), (515, 853), (539, 853), (558, 853), (582, 853), (605, 853), (629, 853), (654, 853), (677, 853), (696, 853), (712, 853), (733, 853), (744, 855), (760, 859), (770, 861), (784, 865), (799, 869), (813, 875), (826, 880), (840, 886), (858, 897), (868, 906), (880, 916), (895, 929), (910, 942), (928, 957), (945, 970), (961, 983), (976, 994), (988, 1003), (995, 1010), (1000, 1015), (1005, 1021), (1009, 1028), (1012, 1032), (1016, 1037), (1019, 1041), (1021, 1044)
Traj: (87, 788), (142, 783), (198, 778), (253, 773), (309, 768), (364, 763), (420, 758), (475, 753), (531, 749), (586, 744), (642, 739), (697, 734), (753, 729), (808, 724), (864, 719), (920, 715), (975, 710), (1031, 705), (1086, 700), (1142, 695), (1197, 690), (1253, 685), (1308, 680), (1364, 676), (1419, 671), (1475, 666), (1530, 661), (1586, 656), (1641, 651), (1697, 646), (1753, 642)
Traj: (126, 781), (180, 776), (235, 771), (289, 767), (344, 762), (399, 757), (453, 753), (508, 748), (563, 743), (617, 739), (672, 734), (726, 730), (781, 725), (836, 720), (890, 716), (945, 711), (1000, 706), (1054, 702), (1109, 697), (1164, 692), (1218, 688), (1273, 683), (1327, 679), (1382, 674), (1437, 669), (1491, 665), (1546, 660), (1601, 655), (1655, 651), (1710, 646), (1765, 642)
Traj: (309, 212), (340, 239), (372, 266), (403, 294), (435, 321), (466, 348), (498, 376), (529, 403), (561, 430), (593, 458), (624, 485), (656, 513), (687, 540), (719, 567), (750, 595), (782, 622), (814, 649), (845, 677), (877, 704), (908, 731), (940, 759), (971, 786), (1003, 814), (1035, 841), (1066, 868), (1098, 896), (1129, 923), (1161, 950), (1192, 978), (1224, 1005), (1256, 1033)
Traj: (305, 213), (335, 239), (366, 266), (397, 292), (427, 319), (458, 346), (489, 372), (520, 399), (550, 426), (581, 452), (612, 479), (643, 505), (673, 532), (704, 559), (735, 585), (766, 612), (796, 639), (827, 665), (858, 692), (888, 719), (919, 745), (950, 772), (981, 798), (1011, 825), (1042, 852), (1073, 878), (1104, 905), (1134, 932), (1165, 958), (1196, 985), (1227, 1012)
Traj: (321, 230), (324, 232), (331, 239), (341, 246), (352, 253), (360, 259), (369, 266), (375, 271), (381, 276), (384, 279), (386, 280), (386, 281)
Traj: (385, 276), (387, 279), (395, 285), (404, 292), (414, 301), (422, 311), (430, 318), (443, 329), (450, 336), (456, 340), (458, 341)
Traj: (461, 341), (464, 342), (467, 345), (472, 350), (479, 357), (486, 363), (494, 371), (501, 377), (504, 380)
Traj: (513, 385), (513, 386), (514, 387), (517, 391), (522, 398), (530, 407), (537, 414), (552, 428), (568, 440), (581, 451), (591, 457), (593, 459)
Traj: (592, 459), (593, 459), (597, 461), (603, 466), (610, 473), (620, 483), (625, 488), (630, 494), (638, 503), (644, 509), (646, 510)
Traj: (643, 508), (647, 509), (651, 513), (658, 520), (673, 534), (683, 543), (689, 548), (692, 551), (694, 552)
Traj: (696, 547), (698, 549), (705, 554), (719, 565), (735, 579), (754, 596), (767, 610), (773, 616), (777, 619), (778, 620)
Traj: (779, 620), (780, 620), (785, 624), (794, 632), (805, 641), (817, 651), (827, 658), (839, 670), (846, 676), (853, 681)
Traj: (857, 683), (858, 683), (861, 685), (867, 692), (876, 703), (886, 715), (898, 729), (909, 741), (917, 750), (925, 756), (931, 760)
Traj: (949, 767), (952, 769), (957, 772), (965, 779), (980, 797), (999, 817), (1015, 833), (1027, 847), (1034, 854), (1040, 859)
Traj: (1041, 860), (1042, 860), (1045, 861), (1050, 865), (1059, 872), (1066, 880), (1072, 885), (1081, 892), (1093, 900), (1106, 908), (1118, 914)
Traj: (1132, 924), (1135, 928), (1140, 936), (1150, 951), (1162, 967), (1175, 982), (1189, 995), (1201, 1007), (1209, 1013), (1213, 1015)
Traj: (1220, 1017), (1222, 1019), (1228, 1023), (1231, 1027), (1238, 1036), (1246, 1046), (1253, 1055), (1258, 1061), (1263, 1067), (1266, 1069)
Traj: (213, 839), (221, 839), (228, 838), (237, 836), (248, 835), (260, 834), (275, 834), (291, 833), (310, 832), (329, 832), (348, 832), (368, 832), (394, 832), (410, 833), (428, 834), (444, 836), (460, 839), (480, 841), (499, 843), (516, 845), (533, 846), (547, 847), (570, 849), (585, 852), (599, 856), (613, 859), (630, 863), (645, 868), (663, 873), (686, 880), (712, 888), (739, 896), (765, 904), (791, 911), (814, 915), (836, 922), (853, 928), (860, 931), (874, 938), (890, 949), (909, 962), (928, 975), (953, 990), (975, 1002), (996, 1012), (1014, 1021), (1027, 1027), (1036, 1031), (1044, 1035), (1048, 1037)
Traj: (637, 868), (647, 868), (663, 868), (687, 868), (713, 869), (743, 871), (774, 875), (800, 879), (831, 887), (842, 890), (860, 895), (880, 901), (888, 906), (892, 909), (899, 914), (906, 920), (916, 928), (924, 934), (928, 936)
Traj: (782, 862), (785, 862), (790, 864), (801, 868), (815, 874), (836, 882), (867, 894), (899, 906), (925, 915), (948, 923), (962, 928), (968, 929), (969, 930)
Traj: (822, 883), (827, 885), (841, 891), (858, 900), (888, 913), (899, 918), (919, 929), (936, 940), (950, 949), (965, 962), (974, 971), (982, 980), (988, 988), (990, 994), (991, 997)
Traj: (793, 882), (806, 888), (839, 905), (871, 927), (910, 955), (944, 980), (968, 999), (986, 1015), (993, 1021), (994, 1022), (994, 1023)
Traj: (791, 881), (796, 881), (813, 886), (839, 895), (875, 906), (904, 912), (929, 918), (949, 925), (961, 929), (964, 932), (966, 934), (966, 936), (967, 941), (967, 942)
Traj: (781, 861), (785, 861), (799, 862), (824, 870), (858, 883), (913, 907), (943, 921), (967, 934), (987, 948), (1003, 962), (1014, 972), (1021, 980), (1027, 987), (1031, 993), (1031, 994)
Traj: (786, 880), (788, 880), (793, 880), (805, 881), (823, 887), (848, 896), (880, 909), (913, 925), (942, 943), (963, 956), (981, 972), (990, 981), (994, 988), (995, 989), (992, 989)
Traj: (804, 864), (815, 864), (834, 869), (857, 877), (880, 886), (912, 899), (927, 909), (934, 916), (939, 923), (944, 931), (949, 940), (953, 946), (953, 947)
Traj: (746, 883), (752, 883), (760, 883), (777, 885), (796, 889), (817, 897), (841, 906), (868, 916), (890, 926), (918, 943), (934, 956), (948, 969), (959, 981), (967, 994), (970, 1003), (970, 1008)
Traj: (760, 876), (773, 878), (794, 887), (830, 903), (882, 928), (919, 947), (943, 961), (954, 969), (969, 978), (977, 985), (979, 988), (980, 988), (980, 989)
Traj: (837, 861), (846, 862), (883, 873), (916, 885), (942, 895), (962, 904), (982, 913), (995, 921), (1003, 926), (1008, 932), (1011, 937), (1014, 944), (1015, 950), (1016, 953)
Traj: (670, 884), (677, 884), (691, 886), (711, 892), (734, 898), (760, 906), (800, 920), (834, 934), (866, 947), (903, 969), (920, 982), (934, 992), (943, 1002), (950, 1009), (955, 1015), (957, 1018), (957, 1019)
Traj: (736, 917), (753, 922), (773, 930), (800, 941), (835, 958), (878, 983), (905, 1000), (925, 1013), (938, 1023), (947, 1031), (950, 1035), (952, 1037), (952, 1039), (951, 1039)
Traj: (507, 446), (507, 447), (509, 451), (512, 460), (524, 484), (534, 503), (541, 519), (546, 531), (547, 536), (547, 537), (547, 538)
Traj: (528, 532), (529, 535), (532, 543), (534, 553), (534, 561), (534, 568), (528, 576), (520, 582), (505, 588), (490, 594), (480, 598)
Traj: (501, 580), (501, 581), (497, 586), (489, 593), (478, 601), (462, 610), (450, 618), (445, 622), (443, 625)
Traj: (493, 592), (488, 596), (477, 604), (463, 615), (445, 626), (427, 633), (409, 641), (400, 643), (397, 645)
Traj: (506, 609), (504, 611), (498, 615), (493, 618), (491, 619), (490, 620), (489, 620), (489, 619)
Traj: (516, 513), (516, 516), (514, 523), (507, 535), (495, 550), (470, 575), (453, 587), (442, 595), (438, 598), (437, 598)
Traj: (578, 540), (573, 545), (561, 555), (546, 568), (533, 578), (518, 586), (502, 595), (485, 603), (476, 609), (472, 611)
Traj: (535, 556), (527, 570), (514, 583), (500, 598), (482, 614), (463, 627), (452, 636), (445, 639), (444, 639), (444, 637)
Traj: (557, 557), (537, 576), (514, 590), (481, 606), (436, 622), (410, 630), (396, 634), (392, 635), (392, 634)
Traj: (541, 563), (535, 571), (523, 582), (503, 597), (483, 610), (464, 621), (450, 628), (447, 630), (445, 630), (446, 629)
Traj: (527, 543), (525, 547), (518, 556), (510, 568), (503, 579), (494, 589), (485, 597), (480, 600), (478, 602), (477, 602), (476, 598)
Traj: (485, 495), (492, 500), (505, 515), (512, 522), (517, 528), (524, 540), (525, 545), (526, 549), (526, 556), (522, 563), (516, 568), (511, 570), (508, 572)
Traj: (515, 513), (521, 525), (526, 538), (528, 550), (528, 564), (524, 575), (518, 581), (512, 584), (503, 584), (492, 582), (486, 579)
Traj: (512, 496), (515, 503), (520, 516), (522, 528), (522, 539), (520, 553), (515, 567), (507, 579), (498, 589), (491, 594), (487, 594), (485, 594)
Traj: (519, 519), (523, 526), (526, 540), (520, 561), (511, 576), (499, 587), (486, 594), (473, 598), (460, 601), (456, 603)
Traj: (508, 538), (505, 547), (498, 565), (486, 582), (470, 601), (445, 622), (431, 632), (425, 636), (424, 636)
Traj: (482, 596), (477, 602), (463, 615), (445, 628), (417, 644), (378, 658), (338, 666), (300, 671), (273, 675), (266, 676), (265, 676)
Traj: (443, 638), (436, 640), (417, 646), (392, 654), (363, 661), (326, 669), (289, 679), (269, 684), (265, 686), (261, 687), (262, 687), (266, 687)
Traj: (368, 667), (341, 673), (278, 683), (213, 690), (159, 696), (137, 698), (130, 699), (132, 699)
Traj: (282, 684), (273, 686), (247, 692), (214, 698), (157, 704), (110, 705), (74, 707), (51, 708), (44, 709), (45, 709)
Traj: (424, 669), (416, 670), (391, 672), (370, 673), (332, 675), (249, 680), (166, 686), (92, 691), (30, 696), (1, 700), (0, 701), (8, 699)
Traj: (311, 676), (296, 680), (273, 686), (236, 691), (187, 697), (135, 703), (93, 706), (83, 708), (82, 708)
Traj: (457, 666), (426, 674), (386, 682), (331, 691), (269, 699), (208, 703), (150, 704), (99, 711), (94, 712), (93, 712)
Traj: (428, 646), (396, 646), (329, 651), (224, 663), (139, 677), (83, 690), (57, 697), (54, 699), (53, 699), (56, 699), (62, 699)
Traj: (458, 425), (463, 429), (474, 440), (489, 454), (503, 468), (512, 480), (519, 491), (522, 501), (524, 513), (525, 526), (525, 543), (525, 553), (522, 562), (519, 569), (514, 579), (510, 588), (502, 604), (500, 610), (493, 620), (484, 630), (476, 637), (465, 643), (454, 647), (442, 652), (426, 657), (411, 662), (391, 666), (365, 671), (335, 678), (314, 684), (296, 688), (286, 691), (283, 691), (282, 692)
Traj: (496, 447), (510, 461), (526, 478), (544, 496), (560, 513), (570, 523), (573, 528), (573, 529)
Traj: (559, 513), (563, 519), (572, 533), (585, 549), (601, 568), (617, 586), (629, 599), (635, 607), (638, 611), (639, 613)
Traj: (633, 608), (645, 621), (664, 644), (682, 668), (699, 689), (708, 700), (710, 702), (710, 703), (708, 703)
Traj: (688, 674), (703, 689), (722, 707), (742, 726), (757, 741), (768, 752), (772, 757), (774, 759), (774, 760)
Traj: (768, 750), (776, 757), (793, 775), (811, 795), (828, 815), (845, 835), (863, 853), (869, 859), (871, 859)
Traj: (867, 851), (878, 863), (890, 878), (904, 897), (919, 916), (936, 936), (949, 950), (958, 958), (962, 963), (965, 965), (968, 966), (969, 966)
Traj: (935, 943), (948, 958), (957, 973), (966, 988), (974, 1003), (981, 1015), (989, 1026), (993, 1032), (996, 1037), (998, 1040), (999, 1042), (1001, 1043)
Traj: (429, 405), (445, 423), (462, 441), (479, 459), (496, 478), (513, 496), (530, 514), (547, 532), (564, 551), (581, 569), (598, 587), (615, 605), (632, 624), (649, 642), (666, 660), (683, 679), (700, 697), (717, 715), (734, 733), (751, 752), (768, 770), (785, 788), (802, 806), (819, 825), (836, 843), (853, 861), (870, 879), (887, 898), (904, 916), (921, 934), (938, 953)
Traj: (429, 408), (447, 427), (465, 446), (484, 466), (502, 485), (520, 505), (539, 524), (557, 543), (575, 563), (594, 582), (612, 602), (630, 621), (649, 640), (667, 660), (685, 679), (704, 699), (722, 718), (740, 737), (759, 757), (777, 776), (795, 796), (814, 815), (832, 834), (850, 854), (869, 873), (887, 893), (905, 912), (924, 931), (942, 951), (960, 970), (979, 990)
Traj: (1764, 547), (1760, 547), (1754, 547), (1743, 548), (1731, 550), (1720, 553), (1705, 556), (1688, 560), (1674, 564), (1662, 567), (1646, 572), (1637, 574), (1628, 575), (1620, 576), (1610, 578), (1602, 579), (1593, 581), (1582, 582), (1570, 582), (1544, 583), (1525, 583), (1509, 583), (1493, 583), (1478, 583), (1466, 583), (1454, 583), (1442, 583), (1428, 582), (1414, 581), (1398, 581), (1385, 580), (1374, 580), (1363, 580), (1359, 580), (1355, 580), (1346, 579), (1338, 579), (1335, 579), (1325, 578), (1318, 577), (1310, 576), (1301, 575), (1286, 572), (1270, 570), (1255, 568), (1240, 567), (1221, 566), (1210, 564), (1197, 564), (1188, 563), (1177, 563), (1163, 562), (1150, 561), (1139, 561), (1130, 560), (1124, 560), (1118, 560), (1112, 560), (1107, 559), (1101, 559), (1094, 559), (1088, 558), (1082, 558), (1075, 558), (1067, 558), (1060, 558), (1053, 558), (1047, 557), (1041, 557), (1028, 555), (1020, 554), (1011, 554), (1003, 554), (999, 553), (994, 552), (985, 549), (975, 545), (965, 542), (956, 538), (946, 534), (935, 530), (926, 526), (916, 521), (906, 517), (900, 513), (897, 512), (890, 507), (883, 502), (874, 497), (863, 490), (852, 484), (839, 478), (828, 473), (817, 469), (808, 466), (799, 462), (793, 460), (786, 457), (778, 455), (772, 454), (766, 453), (761, 452), (757, 452), (756, 452)
Traj: (1755, 547), (1747, 545), (1731, 545), (1720, 545), (1716, 545)
Traj: (1713, 545), (1711, 545), (1702, 548), (1688, 552), (1666, 557), (1642, 563), (1625, 569), (1616, 573), (1611, 575)
Traj: (1568, 583), (1556, 584), (1526, 588), (1483, 592), (1445, 596), (1419, 598), (1394, 600), (1374, 601), (1360, 601), (1342, 601), (1334, 601), (1331, 602)
Traj: (1261, 602), (1245, 602), (1232, 602), (1222, 602), (1214, 602), (1212, 602), (1209, 602), (1207, 602), (1206, 602)
Traj: (1140, 580), (1113, 580), (1087, 580), (1059, 580), (1033, 580), (1013, 580), (998, 580), (991, 580), (988, 580), (987, 580)
Traj: (953, 568), (947, 566), (940, 565), (937, 564), (934, 563), (928, 562), (922, 560), (916, 559), (910, 557), (905, 555)
Traj: (832, 487), (826, 485), (814, 481), (796, 475), (778, 471), (760, 466), (743, 462), (727, 457), (712, 452), (691, 443), (682, 440), (680, 438)
Traj: (730, 418), (725, 415), (717, 411), (700, 402), (678, 391), (654, 378), (630, 364), (610, 351), (600, 344), (597, 343)
Traj: (1827, 533), (1825, 533), (1820, 533), (1809, 533), (1789, 534), (1764, 535), (1733, 537), (1693, 541), (1636, 545), (1606, 547), (1593, 548), (1591, 548)
Traj: (1729, 548), (1721, 548), (1697, 548), (1659, 548), (1601, 549), (1516, 552), (1450, 556), (1421, 560), (1413, 562), (1412, 563)
Traj: (1541, 567), (1536, 567), (1523, 569), (1500, 572), (1461, 572), (1401, 573), (1338, 573), (1293, 576), (1272, 578), (1265, 578)
Traj: (1599, 563), (1594, 563), (1579, 563), (1557, 563), (1524, 563), (1458, 565), (1381, 569), (1308, 570), (1236, 572), (1184, 574), (1170, 574)
Traj: (1540, 560), (1524, 560), (1502, 560), (1474, 560), (1427, 560), (1373, 560), (1305, 560), (1226, 560), (1150, 560), (1093, 560), (1044, 560), (1036, 560)
Traj: (1256, 577), (1234, 573), (1210, 570), (1186, 568), (1174, 568), (1161, 567), (1137, 567), (1115, 567), (1089, 565), (1062, 561), (1036, 556), (994, 543), (969, 534), (949, 528), (933, 521), (920, 515), (910, 511), (903, 505), (896, 501), (890, 498), (883, 494), (881, 493)
Traj: (1066, 560), (1060, 560), (1041, 555), (1008, 548), (959, 536), (914, 526), (873, 513), (838, 500), (817, 489), (800, 478), (787, 465), (778, 455), (772, 444), (766, 433), (762, 423), (759, 414), (754, 406), (752, 403), (749, 398), (747, 395)
Traj: (802, 471), (785, 461), (756, 444), (716, 421), (645, 381), (604, 356), (575, 336), (556, 323), (541, 311), (536, 305), (536, 304)
Traj: (1759, 587), (1750, 586), (1737, 586), (1725, 586), (1717, 587), (1707, 589), (1698, 591), (1689, 594), (1682, 596), (1673, 596), (1663, 598), (1655, 600), (1649, 601), (1642, 603), (1633, 605), (1624, 606), (1616, 607), (1605, 608), (1593, 608), (1579, 608), (1564, 609), (1552, 610), (1544, 611), (1536, 612), (1528, 613), (1519, 614), (1516, 615), (1508, 617), (1500, 618), (1491, 619), (1480, 621), (1463, 623), (1455, 625), (1446, 625), (1438, 626), (1429, 627), (1421, 628), (1412, 629), (1405, 630), (1397, 631), (1388, 632), (1380, 632), (1370, 633), (1360, 633), (1349, 635), (1331, 636), (1318, 637), (1304, 638), (1291, 639), (1276, 640), (1265, 642), (1254, 643), (1243, 643), (1233, 645), (1224, 646), (1216, 647), (1207, 647), (1199, 648), (1185, 650), (1175, 652), (1166, 654), (1159, 656), (1152, 659), (1146, 661), (1141, 662), (1133, 666), (1125, 670), (1114, 674), (1103, 680), (1089, 688), (1082, 694), (1077, 698), (1073, 703), (1070, 707), (1066, 712), (1063, 716), (1060, 722), (1059, 727), (1057, 732), (1056, 738), (1055, 745), (1055, 751), (1056, 759), (1057, 768), (1060, 777), (1063, 786), (1065, 794), (1067, 803), (1070, 812), (1073, 821), (1076, 829), (1080, 838), (1083, 846), (1086, 852), (1090, 861), (1094, 869), (1099, 878), (1104, 889), (1114, 903), (1122, 913), (1130, 922), (1138, 932), (1148, 943), (1157, 953), (1164, 960), (1177, 973), (1184, 982), (1192, 991), (1201, 1004), (1210, 1013), (1220, 1024), (1232, 1036), (1247, 1045), (1259, 1055), (1272, 1065), (1283, 1072), (1296, 1079), (1301, 1079), (1304, 1079), (1308, 1079), (1310, 1079), (1312, 1079), (1313, 1079)
Traj: (1730, 588), (1726, 589), (1722, 590), (1714, 592), (1706, 595), (1697, 596), (1686, 597), (1672, 599), (1660, 601), (1648, 604), (1634, 609), (1625, 612), (1613, 615), (1603, 617), (1595, 619), (1585, 620), (1574, 621), (1564, 621), (1555, 621), (1544, 621), (1533, 621), (1523, 621), (1512, 622), (1503, 622), (1493, 622), (1481, 622), (1476, 622), (1463, 622), (1450, 622), (1435, 622), (1419, 622), (1403, 622), (1386, 623), (1371, 624), (1358, 626), (1348, 628), (1338, 630), (1331, 631), (1324, 631), (1315, 632), (1308, 632), (1302, 633), (1295, 635), (1289, 635), (1283, 636), (1273, 638), (1268, 639), (1257, 640), (1247, 640), (1243, 640), (1229, 641), (1221, 643), (1214, 645), (1209, 647), (1203, 649), (1196, 652), (1191, 653), (1184, 657), (1177, 659), (1168, 663), (1157, 666), (1147, 670), (1141, 672), (1136, 673), (1130, 675), (1128, 675), (1126, 677), (1123, 678), (1118, 680), (1111, 683), (1104, 689), (1096, 694), (1088, 699), (1083, 704), (1079, 707), (1076, 710), (1074, 716), (1072, 720), (1069, 725), (1067, 731), (1065, 736), (1064, 742), (1064, 748), (1064, 756), (1065, 767), (1070, 780), (1077, 792), (1084, 802), (1092, 814), (1100, 829), (1105, 840), (1111, 853), (1118, 865), (1124, 877), (1131, 890), (1137, 902), (1144, 913), (1151, 923), (1159, 932), (1165, 939), (1170, 946), (1175, 953), (1186, 968), (1195, 978), (1203, 988), (1212, 999), (1219, 1009), (1229, 1020), (1243, 1033), (1258, 1043), (1274, 1054), (1287, 1062), (1299, 1069), (1312, 1077), (1316, 1079), (1319, 1079), (1321, 1079), (1322, 1079), (1323, 1079), (1324, 1079), (1325, 1079)
Traj: (1829, 583), (1828, 584), (1822, 587), (1811, 591), (1797, 595), (1780, 599), (1755, 605), (1740, 608), (1729, 610), (1715, 610), (1704, 611), (1695, 611), (1684, 612), (1675, 612), (1667, 612), (1656, 612), (1643, 613), (1629, 614), (1615, 616), (1600, 617), (1588, 618), (1570, 619), (1557, 619), (1543, 619), (1529, 620), (1514, 620), (1502, 620), (1491, 620), (1480, 620), (1469, 620), (1460, 620), (1451, 620), (1442, 620), (1433, 621), (1425, 621), (1417, 621), (1402, 622), (1389, 623), (1376, 624), (1362, 626), (1351, 628), (1338, 630), (1324, 632), (1311, 634), (1297, 636), (1284, 639), (1273, 641), (1258, 644), (1245, 646), (1234, 647), (1225, 650), (1219, 653), (1213, 655), (1208, 659), (1202, 663), (1196, 668), (1190, 674), (1185, 681), (1176, 690), (1171, 695), (1165, 700), (1159, 706), (1153, 712), (1146, 718), (1138, 724), (1128, 729), (1119, 734), (1113, 738), (1111, 739), (1107, 742), (1105, 745), (1102, 749), (1098, 753), (1093, 757), (1090, 762), (1086, 767), (1084, 774), (1083, 781), (1084, 788), (1086, 796), (1091, 805), (1096, 814), (1101, 824), (1108, 834), (1115, 845), (1121, 856), (1129, 870), (1137, 885), (1143, 899), (1152, 915), (1161, 931), (1176, 953), (1185, 965), (1193, 974), (1198, 982), (1203, 992), (1207, 1000), (1210, 1005), (1215, 1011), (1222, 1016), (1230, 1023), (1240, 1031), (1253, 1040), (1264, 1048), (1277, 1060), (1282, 1064), (1287, 1069), (1290, 1073), (1292, 1076), (1294, 1079), (1295, 1079)
Traj: (1764, 585), (1763, 585), (1759, 585), (1751, 586), (1736, 588), (1711, 590), (1682, 593), (1655, 595), (1630, 597), (1604, 599), (1576, 601), (1568, 601), (1553, 602), (1537, 602), (1527, 603), (1515, 605), (1502, 606), (1489, 607), (1471, 608), (1452, 610), (1436, 611), (1420, 613), (1405, 615), (1390, 617), (1376, 619), (1357, 620), (1345, 620), (1334, 620), (1319, 621), (1304, 621), (1288, 621), (1271, 622), (1255, 623), (1244, 624), (1236, 626), (1230, 627), (1224, 628), (1214, 629), (1204, 631), (1194, 635), (1184, 639), (1169, 644), (1160, 648), (1148, 652), (1139, 655), (1132, 660), (1126, 666), (1121, 673), (1119, 677), (1114, 684), (1109, 692), (1106, 696), (1105, 701), (1103, 708), (1100, 717), (1098, 726), (1095, 734), (1093, 739), (1090, 745), (1088, 749), (1085, 753), (1083, 757), (1081, 761), (1079, 764), (1077, 767), (1075, 772), (1074, 776), (1074, 779), (1074, 784), (1075, 790), (1077, 798), (1081, 807), (1086, 815), (1093, 825), (1100, 834), (1108, 845), (1116, 858), (1125, 873), (1133, 885), (1144, 899), (1149, 906), (1154, 912), (1159, 919), (1169, 933), (1180, 948), (1193, 966), (1206, 983), (1220, 999), (1234, 1016), (1244, 1028), (1253, 1039), (1265, 1052), (1272, 1062), (1280, 1072), (1290, 1079), (1299, 1079), (1308, 1079), (1318, 1079), (1326, 1079), (1329, 1079), (1331, 1079), (1332, 1079), (1334, 1079), (1335, 1079)
Traj: (1712, 595), (1709, 594), (1704, 594), (1698, 594), (1688, 595), (1682, 596), (1675, 599), (1671, 600), (1669, 601)
Traj: (1656, 600), (1653, 600), (1645, 599), (1634, 599), (1626, 599), (1618, 599), (1612, 599), (1607, 599), (1605, 599), (1602, 599), (1601, 599)
Traj: (1573, 599), (1562, 599), (1550, 599), (1536, 600), (1522, 601), (1509, 602), (1498, 603), (1488, 604), (1482, 604), (1479, 605)
Traj: (1469, 606), (1466, 606), (1459, 607), (1447, 607), (1429, 610), (1403, 613), (1389, 615), (1379, 616), (1373, 618), (1368, 619), (1366, 620)
Traj: (1305, 631), (1292, 633), (1278, 635), (1265, 637), (1249, 638), (1236, 640), (1225, 641), (1216, 643), (1209, 644), (1205, 645)
Traj: (1149, 653), (1131, 656), (1116, 660), (1103, 665), (1091, 669), (1083, 672), (1077, 675), (1073, 677), (1072, 679), (1071, 680)
Traj: (1092, 718), (1092, 719), (1092, 723), (1090, 729), (1084, 740), (1077, 754), (1069, 771), (1063, 787), (1059, 802), (1057, 817), (1057, 828), (1059, 845), (1065, 860), (1072, 875), (1080, 887), (1090, 900), (1100, 914), (1109, 927), (1118, 939), (1124, 946), (1126, 948)
Traj: (1119, 844), (1127, 855), (1139, 872), (1160, 904), (1183, 939), (1204, 974), (1223, 1008), (1234, 1032), (1238, 1042), (1246, 1057), (1253, 1072), (1257, 1079), (1260, 1079)
Traj: (787, 607), (802, 618), (818, 631), (837, 645), (863, 666), (881, 683), (901, 707), (917, 727), (928, 743), (933, 753), (935, 757)
Traj: (859, 664), (868, 670), (885, 684), (914, 707), (943, 731), (986, 771), (1007, 794), (1021, 807), (1030, 818), (1039, 830), (1042, 834), (1046, 838), (1047, 840)
Traj: (1658, 627), (1653, 627), (1641, 628), (1625, 630), (1609, 632), (1592, 637), (1570, 641), (1546, 644), (1519, 649), (1479, 654), (1454, 658), (1435, 660), (1420, 663), (1405, 665), (1394, 668), (1383, 670), (1371, 671), (1363, 672), (1353, 672), (1345, 672), (1339, 672), (1334, 672), (1331, 672), (1328, 672), (1326, 672), (1323, 672), (1322, 673), (1321, 673), (1320, 673), (1318, 673), (1317, 673), (1316, 673), (1314, 673), (1313, 673), (1311, 673), (1309, 673), (1307, 673), (1306, 673), (1305, 673), (1304, 673), (1303, 673), (1302, 673), (1301, 673), (1300, 673), (1299, 673), (1298, 673), (1297, 673), (1296, 673), (1295, 673), (1294, 673), (1292, 673), (1291, 673), (1290, 673)
Traj: (928, 707), (928, 706), (931, 705), (935, 705), (942, 705), (954, 704), (972, 703), (1014, 699), (1055, 698), (1116, 695), (1185, 691), (1257, 686), (1332, 679), (1392, 671), (1436, 664), (1475, 659), (1506, 654), (1528, 651), (1541, 649), (1551, 648)
Traj: (1116, 699), (1124, 697), (1138, 692), (1161, 684), (1196, 673), (1251, 657), (1348, 642), (1407, 634), (1461, 630), (1503, 628), (1547, 628), (1574, 628), (1597, 627), (1616, 627)
Traj: (1339, 674), (1346, 672), (1369, 666), (1403, 659), (1449, 647), (1500, 634), (1559, 618), (1605, 608), (1646, 601), (1699, 597), (1712, 597), (1744, 597), (1757, 597)
Traj: (1404, 661), (1421, 657), (1445, 652), (1501, 644), (1553, 636), (1608, 628), (1660, 619), (1710, 611), (1752, 607), (1784, 605), (1813, 605), (1836, 605), (1849, 605), (1854, 605)
Traj: (1348, 599), (1346, 599), (1339, 599), (1325, 599), (1304, 600), (1279, 603), (1260, 607), (1245, 610), (1234, 613), (1233, 613)
Traj: (1260, 614), (1243, 613), (1215, 613), (1165, 614), (1111, 620), (1070, 624), (1048, 628), (1038, 628)
Traj: (1137, 609), (1128, 609), (1109, 609), (1079, 611), (1022, 617), (975, 625), (939, 631), (914, 635), (901, 639), (898, 639)
Traj: (1032, 623), (1011, 623), (972, 625), (906, 627), (832, 630), (759, 637), (720, 640), (701, 642), (696, 642)
Traj: (842, 623), (837, 623), (818, 625), (774, 629), (712, 636), (587, 646), (494, 652), (442, 658), (424, 661)
Traj: (731, 642), (715, 643), (680, 646), (622, 649), (545, 652), (463, 656), (383, 661), (327, 665), (290, 667), (270, 668), (267, 669)
Traj: (511, 653), (389, 666), (263, 678), (147, 692), (57, 707), (0, 717), (0, 732)
Traj: (1491, 564), (1443, 568), (1396, 573), (1349, 577), (1301, 582), (1254, 586), (1207, 591), (1160, 595), (1112, 600), (1065, 605), (1018, 609), (971, 614), (923, 618), (876, 623), (829, 627), (782, 632), (734, 637), (687, 641), (640, 646), (592, 650), (545, 655), (498, 659), (451, 664), (403, 669), (356, 673), (309, 678), (262, 682), (214, 687), (167, 691), (120, 696), (73, 701)
Traj: (1470, 1032), (1469, 1032), (1468, 1032), (1464, 1028), (1451, 1019), (1407, 988), (1372, 965), (1340, 945), (1317, 932), (1304, 922), (1292, 914), (1278, 905), (1263, 895), (1244, 884), (1222, 874), (1202, 865), (1189, 860), (1180, 856), (1170, 853), (1156, 845), (1147, 842), (1135, 836), (1125, 832), (1116, 827), (1106, 823), (1100, 819), (1093, 814), (1086, 810), (1079, 806), (1073, 802), (1067, 797), (1062, 794), (1057, 790), (1052, 787), (1042, 782), (1036, 777), (1029, 773), (1021, 769), (1014, 765), (1007, 762), (997, 758), (991, 755), (983, 751), (974, 747), (965, 742), (957, 739), (949, 736), (943, 734), (935, 731), (920, 726), (909, 722), (896, 718), (881, 715), (868, 713), (854, 709), (838, 706), (821, 702), (806, 699), (790, 695), (766, 689), (750, 687), (731, 685), (715, 684), (700, 683), (682, 682), (665, 682), (648, 681), (631, 680), (603, 680), (586, 680), (566, 679), (546, 679), (529, 679), (513, 679), (498, 679), (484, 679), (472, 679), (458, 679), (444, 679), (432, 679), (420, 679), (409, 679), (393, 679), (376, 679), (358, 680), (338, 682), (315, 684), (287, 688), (258, 692), (226, 696), (188, 700), (155, 703), (133, 706), (119, 709), (116, 709)
Traj: (1393, 986), (1375, 977), (1362, 971), (1350, 965), (1341, 959), (1330, 951), (1318, 943), (1306, 934), (1291, 923), (1277, 915), (1261, 907), (1249, 901), (1242, 898)
Traj: (1371, 949), (1366, 945), (1347, 934), (1319, 919), (1274, 901), (1218, 882), (1177, 869), (1146, 860), (1129, 857), (1122, 857), (1120, 857)
Traj: (1185, 890), (1160, 867), (1137, 849), (1117, 834), (1098, 821), (1081, 808), (1066, 797), (1051, 788), (1038, 779), (1024, 771), (1012, 766), (1008, 765)
Traj: (1152, 836), (1129, 822), (1095, 803), (1032, 774), (922, 732), (850, 709), (783, 690), (748, 682), (730, 679), (722, 677)
Traj: (939, 796), (931, 788), (918, 777), (895, 763), (856, 743), (759, 705), (688, 681), (625, 665), (570, 653), (541, 650), (521, 650), (503, 650), (497, 650)
Traj: (823, 707), (785, 697), (726, 682), (638, 665), (556, 650), (439, 636), (361, 629), (301, 621), (254, 614), (223, 609)
Traj: (664, 690), (653, 688), (625, 685), (586, 682), (480, 682), (380, 683), (276, 689), (164, 695), (73, 698), (5, 702), (0, 570), (66, 716)
Traj: (1609, 997), (1566, 969), (1524, 942), (1482, 915), (1440, 887), (1398, 860), (1356, 833), (1314, 805), (1271, 778), (1229, 751), (1187, 724), (1145, 696), (1103, 669), (1061, 642), (1019, 614), (977, 587), (934, 560), (892, 532), (850, 505), (808, 478), (766, 451), (724, 423), (682, 396), (639, 369), (597, 341), (555, 314), (513, 287), (471, 259), (429, 232), (387, 205), (345, 178)
Traj: (1637, 1008), (1594, 980), (1551, 953), (1508, 925), (1466, 898), (1423, 871), (1380, 843), (1337, 816), (1295, 789), (1252, 761), (1209, 734), (1166, 706), (1124, 679), (1081, 652), (1038, 624), (996, 597), (953, 570), (910, 542), (867, 515), (825, 488), (782, 460), (739, 433), (696, 405), (654, 378), (611, 351), (568, 323), (525, 296), (483, 269), (440, 241), (397, 214), (355, 187)
Traj: (1650, 1019), (1607, 991), (1564, 963), (1521, 935), (1478, 907), (1435, 879), (1392, 851), (1349, 823), (1306, 795), (1263, 767), (1220, 739), (1177, 711), (1134, 683), (1091, 655), (1048, 627), (1005, 599), (962, 571), (919, 543), (876, 515), (833, 487), (790, 459), (747, 431), (704, 403), (660, 375), (618, 347), (575, 319), (532, 291), (489, 263), (446, 235), (403, 207), (360, 179)
Traj: (1710, 1052), (1664, 1022), (1619, 993), (1574, 964), (1529, 935), (1484, 906), (1438, 877), (1393, 848), (1348, 819), (1303, 790), (1258, 761), (1212, 732), (1167, 703), (1122, 674), (1077, 645), (1032, 616), (986, 587), (941, 558), (896, 529), (851, 500), (806, 471), (760, 442), (715, 413), (670, 384), (625, 355), (580, 326), (534, 297), (489, 268), (444, 239), (399, 210), (354, 181)
Traj: (1658, 1035), (1615, 1006), (1572, 978), (1529, 950), (1486, 922), (1443, 893), (1400, 865), (1357, 837), (1314, 809), (1271, 780), (1228, 752), (1185, 724), (1142, 696), (1099, 667), (1056, 639), (1013, 611), (970, 583), (927, 555), (884, 526), (841, 498), (798, 470), (755, 442), (712, 413), (668, 385), (626, 357), (583, 329), (540, 300), (497, 272), (454, 244), (411, 216), (368, 188)
Traj: (6, 802), (66, 796), (127, 790), (188, 784), (249, 779), (310, 773), (371, 767), (432, 761), (493, 756), (554, 750), (615, 744), (676, 738), (737, 733), (798, 727), (859, 721), (920, 716), (980, 710), (1041, 704), (1102, 698), (1163, 693), (1224, 687), (1285, 681), (1346, 675), (1407, 670), (1468, 664), (1529, 658), (1590, 652), (1651, 647), (1712, 641), (1773, 635), (1834, 630)
Traj: (30, 782), (91, 776), (153, 770), (214, 765), (276, 759), (338, 754), (399, 748), (461, 743), (522, 737), (584, 732), (646, 726), (707, 721), (769, 715), (830, 710), (892, 704), (954, 699), (1015, 693), (1077, 687), (1138, 682), (1200, 676), (1262, 671), (1323, 665), (1385, 660), (1446, 654), (1508, 649), (1570, 643), (1631, 638), (1693, 632), (1754, 627), (1816, 621), (1878, 616)
Traj: (0, 803), (62, 796), (124, 790), (186, 784), (248, 778), (310, 772), (373, 765), (435, 759), (497, 753), (559, 747), (621, 741), (683, 734), (746, 728), (808, 722), (870, 716), (932, 710), (994, 703), (1056, 697), (1119, 691), (1181, 685), (1243, 679), (1305, 672), (1367, 666), (1429, 660), (1492, 654), (1554, 648), (1616, 641), (1678, 635), (1740, 629), (1802, 623), (1865, 617)
Traj: (31, 795), (92, 788), (154, 782), (215, 776), (277, 770), (339, 764), (400, 758), (462, 752), (523, 745), (585, 739), (647, 733), (708, 727), (770, 721), (831, 715), (893, 709), (955, 703), (1016, 696), (1078, 690), (1139, 684), (1201, 678), (1263, 672), (1324, 666), (1386, 660), (1447, 653), (1509, 647), (1571, 641), (1632, 635), (1694, 629), (1755, 623), (1817, 617), (1879, 611)
Traj: (51, 802), (110, 796), (170, 790), (230, 784), (289, 778), (349, 773), (409, 767), (468, 761), (528, 755), (588, 749), (648, 744), (707, 738), (767, 732), (827, 726), (886, 720), (946, 715), (1006, 709), (1065, 703), (1125, 697), (1185, 691), (1245, 686), (1304, 680), (1364, 674), (1424, 668), (1483, 662), (1543, 657), (1603, 651), (1662, 645), (1722, 639), (1782, 633), (1842, 628)
Traj: (37, 868), (38, 868), (42, 867), (52, 864), (72, 857), (97, 851), (112, 848), (150, 844), (182, 842), (207, 840), (229, 840), (249, 839), (263, 839), (277, 839), (293, 839), (308, 838), (321, 838), (337, 838), (358, 837), (372, 836), (390, 836), (407, 835), (423, 835), (442, 835), (459, 834), (477, 834), (497, 833), (517, 831), (537, 830), (557, 829), (575, 828), (589, 828), (611, 828), (622, 828), (633, 828), (643, 828), (654, 828), (665, 829), (678, 831), (692, 833), (706, 837), (722, 841), (740, 844), (756, 846), (774, 851), (798, 857), (812, 861), (831, 867), (848, 874), (865, 878), (881, 882), (893, 886), (903, 889), (914, 895), (926, 903), (939, 911), (954, 922), (967, 932), (981, 944), (994, 956), (1005, 967), (1021, 986), (1031, 998), (1041, 1010), (1054, 1025), (1067, 1040), (1078, 1055), (1090, 1070), (1100, 1079), (1109, 1079), (1117, 1079), (1125, 1079), (1134, 1079), (1139, 1079), (1144, 1079), (1146, 1079)
Traj: (49, 855), (50, 855), (53, 853), (60, 850), (69, 846), (77, 844), (98, 840), (123, 836), (153, 831), (181, 829), (207, 827), (228, 825), (245, 825), (258, 825), (266, 825), (281, 825), (290, 825), (296, 825), (312, 825), (326, 825), (340, 825), (358, 825), (374, 825), (390, 825), (408, 824), (425, 824), (443, 823), (462, 822), (482, 821), (504, 820), (525, 818), (546, 818), (568, 816), (598, 815), (614, 815), (631, 815), (645, 815), (660, 816), (678, 819), (697, 824), (718, 830), (738, 835), (759, 842), (774, 847), (790, 853), (796, 856), (807, 861), (821, 869), (833, 876), (845, 885), (859, 896), (872, 906), (883, 916), (895, 926), (907, 937), (918, 949), (930, 961), (940, 976), (951, 993), (958, 1001), (971, 1020), (984, 1040), (997, 1057), (1008, 1073), (1019, 1079), (1026, 1079), (1031, 1079), (1033, 1079)
Traj: (24, 866), (26, 866), (27, 866), (31, 864), (40, 863), (55, 861), (79, 858), (108, 856), (142, 854), (181, 852), (228, 851), (257, 850), (281, 849), (301, 849), (321, 849), (341, 849), (359, 849), (379, 849), (402, 849), (423, 849), (446, 849), (471, 849), (492, 849), (515, 849), (537, 849), (568, 848), (588, 848), (605, 847), (622, 846), (637, 844), (650, 843), (664, 842), (676, 842), (687, 842), (698, 842), (706, 842), (714, 842), (725, 842), (737, 846), (748, 850), (770, 858), (784, 864), (796, 870), (809, 878), (820, 886), (829, 894), (842, 906), (856, 920), (871, 935), (889, 951), (908, 967), (923, 982), (938, 997), (952, 1012), (967, 1031), (974, 1043), (980, 1054), (984, 1063), (986, 1069), (988, 1074), (989, 1078), (991, 1079), (992, 1079), (993, 1079)
Traj: (290, 197), (321, 224), (353, 251), (384, 279), (416, 306), (447, 333), (479, 361), (510, 388), (542, 415), (573, 443), (605, 470), (636, 498), (668, 525), (699, 552), (731, 580), (762, 607), (794, 634), (825, 662), (857, 689), (888, 716), (920, 744), (951, 771), (983, 799), (1014, 826), (1046, 853), (1077, 881), (1109, 908), (1140, 935), (1172, 963), (1203, 990), (1235, 1018)
Traj: (304, 204), (336, 231), (369, 259), (402, 287), (434, 315), (467, 343), (500, 371), (532, 399), (565, 427), (598, 455), (631, 483), (663, 511), (696, 539), (729, 567), (761, 595), (794, 623), (827, 651), (859, 679), (892, 707), (925, 735), (958, 763), (990, 791), (1023, 819), (1056, 847), (1088, 875), (1121, 903), (1154, 931), (1186, 959), (1219, 987), (1252, 1015), (1285, 1043)
Traj: (304, 197), (335, 224), (367, 251), (398, 279), (430, 306), (461, 334), (493, 361), (524, 388), (556, 416), (587, 443), (619, 471), (650, 498), (682, 525), (713, 553), (745, 580), (776, 608), (808, 635), (839, 662), (871, 690), (902, 717), (934, 745), (965, 772), (997, 799), (1028, 827), (1060, 854), (1091, 882), (1123, 909), (1154, 936), (1186, 964), (1217, 991), (1249, 1019)
Traj: (298, 197), (329, 224), (360, 251), (391, 278), (422, 305), (453, 332), (484, 359), (515, 386), (547, 413), (578, 440), (609, 468), (640, 495), (671, 522), (702, 549), (733, 576), (765, 603), (796, 630), (827, 657), (858, 684), (889, 711), (920, 739), (951, 766), (982, 793), (1014, 820), (1045, 847), (1076, 874), (1107, 901), (1138, 928), (1169, 955), (1200, 982), (1232, 1010)
Traj: (1801, 560), (1743, 564), (1685, 569), (1627, 573), (1569, 578), (1511, 582), (1453, 587), (1395, 591), (1338, 596), (1280, 600), (1222, 605), (1164, 609), (1106, 614), (1048, 618), (990, 623), (933, 628), (875, 632), (817, 637), (759, 641), (701, 646), (643, 650), (585, 655), (527, 659), (470, 664), (412, 668), (354, 673), (296, 677), (238, 682), (180, 686), (122, 691), (65, 696)
Traj: (1811, 561), (1752, 565), (1694, 569), (1636, 574), (1577, 578), (1519, 582), (1461, 587), (1402, 591), (1344, 595), (1286, 600), (1228, 604), (1169, 608), (1111, 613), (1053, 617), (994, 621), (936, 626), (878, 630), (819, 634), (761, 639), (703, 643), (645, 647), (586, 652), (528, 656), (470, 660), (411, 665), (353, 669), (295, 673), (236, 678), (178, 682), (120, 686), (62, 691)
Traj: (1812, 555), (1754, 559), (1696, 564), (1638, 569), (1580, 573), (1522, 578), (1465, 583), (1407, 588), (1349, 592), (1291, 597), (1233, 602), (1175, 607), (1118, 611), (1060, 616), (1002, 621), (944, 626), (886, 630), (828, 635), (771, 640), (713, 644), (655, 649), (597, 654), (539, 659), (481, 663), (424, 668), (366, 673), (308, 678), (250, 682), (192, 687), (134, 692), (77, 697)
Traj: (1816, 551), (1758, 555), (1700, 560), (1642, 565), (1584, 569), (1526, 574), (1468, 579), (1410, 583), (1352, 588), (1294, 593), (1237, 597), (1179, 602), (1121, 607), (1063, 611), (1005, 616), (947, 621), (889, 625), (831, 630), (773, 635), (715, 639), (658, 644), (600, 649), (542, 653), (484, 658), (426, 663), (368, 667), (310, 672), (252, 677), (194, 681), (136, 686), (79, 691)
Traj: (1466, 1060), (1465, 1055), (1455, 1041), (1438, 1021), (1395, 986), (1356, 957), (1320, 935), (1290, 920), (1266, 908), (1247, 900), (1230, 893), (1212, 887), (1194, 881), (1182, 875), (1169, 867), (1158, 858), (1147, 849), (1137, 840), (1127, 831), (1119, 824), (1112, 817), (1107, 812), (1101, 808), (1100, 806), (1098, 804), (1091, 798), (1087, 794), (1083, 790), (1078, 787), (1073, 783), (1066, 778), (1059, 774), (1052, 769), (1044, 764), (1033, 759), (1024, 755), (1009, 748), (1000, 744), (996, 742), (987, 739), (975, 735), (961, 731), (951, 728), (939, 726), (929, 725), (918, 724), (906, 723), (894, 721), (882, 719), (869, 717), (856, 714), (844, 710), (833, 706), (825, 704), (813, 700), (807, 697), (800, 695), (794, 692), (790, 690), (783, 687), (778, 684), (772, 682), (766, 679), (758, 676), (750, 674), (743, 672), (734, 668), (724, 666), (714, 662), (702, 659), (692, 656), (677, 652), (669, 650), (663, 648), (657, 648), (649, 648), (641, 648), (632, 648), (622, 648), (610, 648), (597, 648), (582, 648), (564, 648), (536, 649), (520, 650), (503, 650), (485, 651), (470, 652), (458, 652), (445, 652), (431, 653), (418, 654), (400, 655), (374, 658), (359, 659), (344, 661), (329, 663), (314, 665), (297, 667), (278, 668), (260, 670), (241, 672), (225, 672), (209, 673), (189, 674), (171, 676), (155, 677), (139, 679), (117, 680), (102, 682), (87, 685), (72, 688), (59, 692), (46, 695), (32, 700), (16, 707), (0, 713), (4, 699)
Traj: (406, 338), (427, 360), (448, 382), (469, 404), (490, 427), (511, 449), (533, 471), (554, 493), (575, 516), (596, 538), (617, 560), (638, 582), (660, 605), (681, 627), (702, 649), (723, 672), (744, 694), (765, 716), (787, 738), (808, 761), (829, 783), (850, 805), (871, 827), (892, 850), (914, 872), (935, 894), (956, 916), (977, 939), (998, 961), (1019, 983), (1041, 1006)
Traj: (416, 357), (437, 379), (458, 402), (479, 424), (500, 447), (521, 470), (543, 492), (564, 515), (585, 537), (606, 560), (627, 583), (648, 605), (670, 628), (691, 650), (712, 673), (733, 696), (754, 718), (775, 741), (797, 763), (818, 786), (839, 809), (860, 831), (881, 854), (902, 876), (924, 899), (945, 922), (966, 944), (987, 967), (1008, 989), (1029, 1012), (1051, 1035)
Traj: (411, 352), (431, 374), (452, 397), (472, 420), (493, 442), (513, 465), (534, 488), (554, 510), (575, 533), (595, 556), (616, 579), (636, 601), (657, 624), (677, 647), (698, 669), (718, 692), (739, 715), (759, 737), (780, 760), (800, 783), (821, 806), (841, 828), (862, 851), (882, 874), (903, 896), (923, 919), (944, 942), (964, 964), (985, 987), (1005, 1010), (1026, 1033)
Traj: (1771, 549), (1769, 549), (1766, 549), (1758, 549), (1742, 549), (1717, 549), (1684, 550), (1652, 552), (1627, 554), (1605, 556), (1586, 559), (1573, 560), (1551, 561), (1542, 561), (1526, 561), (1518, 562), (1501, 563), (1493, 564), (1478, 564), (1458, 564), (1444, 564), (1426, 565), (1407, 566), (1390, 567), (1371, 568), (1354, 569), (1335, 569), (1311, 570), (1274, 571), (1250, 572), (1237, 572), (1202, 572), (1185, 572), (1173, 572), (1165, 572), (1160, 572), (1155, 572), (1151, 572), (1145, 570), (1136, 568), (1126, 567), (1115, 566), (1104, 566), (1095, 566), (1084, 566), (1073, 566), (1062, 565), (1055, 565), (1048, 565), (1038, 565), (1027, 565), (1016, 564), (1005, 563), (988, 561), (976, 560), (966, 559), (960, 558), (956, 557), (951, 555), (947, 554), (942, 553), (938, 551), (934, 550), (928, 547), (923, 545), (917, 543), (910, 539), (902, 536), (893, 532), (884, 529), (875, 525), (867, 522), (857, 517), (844, 511), (836, 507), (827, 502), (819, 498), (812, 493), (806, 490), (798, 484), (791, 480), (784, 475), (771, 467), (763, 462), (756, 457), (750, 453), (746, 449), (740, 446), (736, 442), (731, 438), (727, 435), (723, 433), (720, 431), (716, 428), (712, 425), (708, 421), (703, 417), (694, 410), (687, 405), (680, 398), (674, 394), (666, 386), (657, 380), (654, 376), (649, 372), (639, 365), (631, 358), (622, 351), (611, 345), (601, 338), (592, 332), (583, 327), (575, 321), (568, 317), (561, 313), (556, 310), (552, 307), (548, 305), (546, 303), (542, 300), (536, 297), (532, 294), (528, 291), (519, 286), (513, 281), (509, 280), (497, 271), (490, 267), (482, 263), (475, 259), (470, 255), (463, 251), (457, 247), (451, 243), (445, 238), (440, 235), (434, 231), (429, 227), (425, 223), (420, 220), (416, 216), (415, 215), (410, 211), (404, 206), (399, 201), (392, 196), (386, 192), (379, 187), (374, 184), (369, 181), (366, 178), (364, 178), (364, 177), (363, 177), (362, 176), (361, 176), (360, 175), (358, 174), (354, 172), (350, 170), (344, 167), (337, 163), (329, 159), (324, 156)
